4411122477747007|09|2028|584
4411126242450748|08|2027|761
4411126706120720|10|2028|176
4411123773760488|08|2033|898
4411126414068070|09|2026|985
4411123644230240|08|2029|135
4411120263420250|05|2032|375
4411123315860788|07|2027|949
4411123465370877|03|2030|816
4411125554583500|07|2031|466
4411124478251146|05|2031|435
4411128238246510|07|2029|345
4411122844128543|10|2032|546
4411124456832321|08|2030|505
4411121836617687|03|2032|143
4411128372474241|10|2030|393
4411126022866006|06|2029|979
4411120271803778|01|2026|263
4411127584752758|03|2030|789
4411121027230340|02|2033|795
4411128467625806|01|2033|165
4411120764714342|02|2032|420
4411127512471331|11|2031|278
4411126854551486|10|2033|135
4411125341300218|03|2030|365
4411128787268683|08|2028|393
4411120600062161|08|2030|730
4411123155454825|08|2027|839
4411123338633808|04|2033|346
4411128453077046|07|2027|206
4411123130451110|09|2025|421
4411120124024143|06|2026|556
4411123881511245|02|2027|986
4411127614257224|09|2024|304
4411126754840385|04|2028|770
4411120370564628|03|2032|874
4411123457341548|05|2033|913
4411128703175533|11|2027|553
4411123204136860|11|2025|856
4411123057714821|03|2030|796
4411125667513816|09|2033|715
4411124675505658|06|2026|249
4411122182461324|05|2031|582
4411125478787161|08|2032|531
4411124684553277|02|2030|554
4411127702806064|05|2025|504
4411124110311035|06|2030|327
4411121362152380|07|2027|870
4411125838448322|02|2033|900
4411122466037352|09|2028|970
4411124344702066|04|2028|996
4411120483285624|11|2030|474
4411126877562627|11|2027|103
4411122278187635|05|2024|498
4411124071085065|08|2031|844
4411124474680660|01|2026|222
4411127214441533|02|2032|908
4411120456761288|07|2025|570
4411125017434002|01|2028|401
4411123747046105|03|2030|859
4411125517563136|01|2025|698
4411127665231631|04|2029|526
4411123514221337|09|2032|661
4411120734346001|10|2029|341
4411123417631681|04|2027|408
4411123656728370|03|2028|704
4411121608653860|05|2025|627
4411127032522621|11|2032|818
4411124345173218|01|2028|526
4411124063406774|06|2028|642
4411127311320812|08|2031|424
4411121846158706|01|2025|474
4411122517775448|03|2031|952
4411126406886125|02|2033|861
4411124301532381|05|2027|629
4411122574784606|05|2031|473
4411122187436560|06|2033|374
4411121860808558|02|2026|220
4411128530013246|07|2026|687
4411123220003508|07|2032|570
4411121002505161|07|2032|490
4411120025302044|03|2026|478
4411124381744534|08|2032|234
4411127177634652|10|2025|134
4411120207833527|09|2028|197
4411120732271243|11|2027|877
4411126824141111|08|2028|372
4411120165422487|03|2026|482
4411128701378485|08|2033|336
4411126152087480|11|2026|220
4411126113186181|11|2024|889
4411128256317227|09|2028|639
4411122168358106|08|2031|700
4411123014207406|03|2024|824
4411124514172314|02|2033|266
4411127263173755|11|2026|781
4411121376080411|07|2032|163
4411121747733284|10|2028|489
4411123052668477|11|2033|918
4411126566888622|08|2028|272
4411127378112227|03|2031|311
4411121404173733|06|2028|567
4411122161118176|05|2031|152
4411127234611412|11|2024|389
4411126022114316|03|2029|825
4411128362443735|07|2024|331
4411128614281024|11|2030|792
4411121174151125|10|2033|401
4411121645033050|04|2032|709
4411125213436330|09|2028|547
4411127248131605|04|2031|479
4411126026610814|03|2029|872
4411124462282123|01|2029|417
4411120645537474|07|2026|107
4411128478824836|11|2024|867
4411121110741757|05|2025|477
4411122834537018|01|2033|311
4411122184175567|04|2029|180
4411124344871523|07|2027|944
4411122375182604|04|2030|238
4411128861554347|05|2030|770
4411125326561842|11|2028|586
4411127213116672|01|2028|679
4411128441851205|09|2024|667
4411121340054245|02|2025|379
4411128883021275|04|2028|340
4411128321082178|07|2031|693
4411123705773476|10|2031|968
4411126272357573|02|2024|622
4411125628403008|06|2024|500
4411121342786687|11|2025|949
4411124253407665|09|2028|247
4411120708601001|04|2027|989
4411122348882686|04|2028|290
4411127514140256|11|2030|200
4411124671236506|10|2029|526
4411127776376671|10|2027|203
4411120670822825|06|2029|461
4411120487131071|08|2033|790
4411123850422473|10|2029|850
4411128626073054|03|2029|902
4411121356832021|04|2028|305
4411128405812888|04|2032|478
4411127862457617|03|2029|689
4411127875784130|03|2032|204
4411124161778645|10|2025|615
4411126572324711|04|2032|998
4411121140278846|10|2027|158
4411128767065802|11|2033|798
4411123311668730|03|2033|438
4411127134518261|03|2033|873
4411128144152513|03|2031|978
4411123605088637|11|2032|351
4411126848516223|10|2024|761
4411127785616158|10|2030|946
4411124686784771|03|2025|577
4411123216144738|11|2027|414
4411126220422115|05|2025|235
4411128753415136|11|2028|401
4411122287214222|08|2025|329
4411122512832160|02|2027|153
4411125552874208|11|2033|616
4411123336217570|08|2028|664
4411126645450626|07|2027|745
4411123372273875|08|2033|983
4411121160562350|06|2029|335
4411128264101613|02|2030|726
4411128631880543|01|2030|550
4411123380217625|08|2030|859
4411122758682220|10|2031|422
4411125065823023|05|2027|500
4411121335487731|02|2029|222
4411123704353882|03|2027|448
4411120276618163|08|2025|780
4411120333831676|03|2031|695
4411122827610442|04|2026|320
4411122134237608|07|2028|611
4411126262813585|09|2031|312
4411121183730778|09|2029|630
4411121406348754|06|2028|533
4411120128124550|09|2024|577
4411120130272488|02|2031|904
4411125108101346|10|2027|468
4411125317052660|07|2031|836
4411125545877870|08|2024|116
4411128578745386|01|2025|754
4411127171121821|10|2024|891
4411126277324040|11|2033|117
4411124838513466|06|2026|538
4411121370813445|10|2029|193
4411127111822850|01|2026|188
4411128865115087|03|2029|575
4411128227370826|02|2032|930
4411126884180413|02|2027|209
4411120243738813|08|2024|594
4411127650007426|09|2025|805
4411127142123773|01|2024|841
4411128775362373|03|2030|862
4411126240833788|03|2032|966
4411128715865345|02|2030|626
4411128623004466|08|2032|717
4411126658011877|01|2030|478
4411128508405440|10|2027|741
4411122167148268|11|2024|749
4411122113185612|03|2032|875
4411127420151058|08|2028|885
4411125533140802|06|2031|294
4411126508458138|10|2032|983
4411120444654785|02|2027|782
4411122680083505|02|2027|234
4411121228620455|08|2031|375
4411128358205015|03|2030|748
4411124653784127|04|2026|208
4411123802826003|06|2029|808
4411128472721012|06|2027|568
4411126844047876|03|2033|339
4411121558525332|11|2030|456
4411124207245674|05|2028|185
4411121757186860|03|2033|591
4411122551713461|05|2032|373
4411127831702010|09|2031|679
4411124732162576|08|2031|606
4411125866626641|08|2030|474
4411125548627611|11|2026|723
4411126851408565|03|2029|646
4411122177347108|10|2031|681
4411127006418137|11|2032|581
4411126202448310|04|2027|144
4411126358888046|06|2029|388
4411124044775040|11|2025|548
4411127310128703|11|2028|565
4411123586683786|06|2030|245
4411128060645318|10|2029|175
4411124110586842|09|2031|939
4411127587400702|02|2032|491
4411128655366627|07|2029|945
4411122854876551|08|2030|737
4411128175345564|09|2026|239
4411127386851345|02|2025|824
4411126741571283|06|2024|425
4411122031788547|11|2033|553
4411120543816228|08|2024|356
4411120072566186|01|2029|765
4411122012545221|04|2032|429
4411120423442376|06|2027|563
4411122860678736|09|2025|336
4411121230227323|01|2027|145
4411128537105078|03|2030|794
4411124725417623|03|2032|490
4411125243588472|11|2027|500
4411125217104371|09|2025|105
4411124123831441|03|2024|808
4411125558758348|06|2027|129
4411127521651832|02|2030|631
4411124015067880|11|2032|346
4411124472530123|09|2033|450
4411122558655731|10|2024|744
4411123214320215|07|2031|447
4411120854614188|09|2026|179
4411120564662733|03|2033|338
4411120665066784|04|2028|296
4411127236536401|09|2033|952
4411123105828656|03|2027|506
4411128662842412|10|2027|276
4411122352688573|10|2031|898
4411124685787056|04|2031|722
4411126200626545|07|2026|849
4411127446585651|04|2031|459
4411125552141210|07|2028|707
4411126848523617|04|2025|628
4411122334744817|11|2032|551
4411123855857517|09|2032|552
4411127773861873|10|2028|583
4411126167116258|03|2028|522
4411123413715413|05|2025|496
4411123504200127|07|2026|406
4411123005143123|06|2030|628
4411124447303671|02|2027|739
4411127803231113|02|2028|550
4411128764614313|07|2033|551
4411125708068184|08|2033|404
4411123601420461|03|2026|534
4411122672447668|08|2025|176
4411124872326247|07|2024|636
4411126463165827|05|2030|228
4411128337020121|09|2026|171
4411128532378324|03|2028|383
4411121810728674|05|2029|442
4411125734226087|01|2029|456
4411124754234840|06|2032|820
4411128156767521|07|2030|758
4411122726813774|06|2025|123
4411121512014126|07|2029|139
4411126132585801|01|2025|330
4411125425378114|10|2033|156
4411127036866727|03|2025|352
4411121716133128|11|2032|932
4411127347218253|08|2031|196
4411121370006487|08|2028|949
4411123113087568|09|2028|108
4411120780150687|04|2027|998
4411122237876021|03|2024|940
4411124087743848|06|2030|263
4411128175862311|03|2028|669
4411127681347031|03|2028|105
4411122154035023|05|2031|516
4411122162857350|10|2025|445
4411128223800024|07|2025|958
4411127552240315|09|2025|724
4411122332543666|02|2024|226
4411123835718086|11|2024|944
4411123315448857|11|2025|156
4411122410483124|09|2030|417
4411128535515161|10|2030|300
4411127013470048|05|2029|613
4411123264673000|04|2027|945
4411123505084702|05|2027|364
4411125377288717|08|2025|545
4411123482047334|06|2026|438
4411122613662060|10|2033|385
4411128573405572|03|2024|852
4411120510051486|09|2024|767
4411123727150612|11|2032|180
4411126814463418|05|2025|382
4411125072643620|05|2033|271
4411124370773155|01|2032|612
4411125606114742|06|2028|890
4411122764178338|09|2027|282
4411126242400420|11|2027|312
4411126848477467|01|2029|849
4411127673548257|08|2025|461
4411120126573071|05|2025|568
4411126224702215|09|2029|503
4411122106633404|10|2028|315
4411123422382825|11|2024|598
4411121174775337|11|2029|149
4411122681073653|10|2027|243
4411122570450723|09|2031|246
4411123872436253|11|2026|849
4411122346541532|07|2032|585
4411128127346132|07|2028|921
4411124460376661|02|2025|671
4411128781152735|06|2031|166
4411121287111776|08|2029|382
4411124271664412|02|2030|105
4411125581157310|06|2028|348
4411124832861762|03|2030|202
4411122124683613|08|2030|929
4411125718076128|05|2025|274
4411120086386423|02|2028|558
4411120011864064|03|2024|439
4411126661253888|04|2028|270
4411127656186844|09|2030|708
4411125068484203|05|2033|587
4411126248102350|02|2031|982
4411127176044838|05|2024|165
4411122453231075|11|2024|404
4411127363111747|11|2029|222
4411126074381441|07|2028|242
4411127405037074|11|2028|986
4411120700655708|07|2033|192
4411121181534636|01|2031|726
4411127611415361|01|2029|920
4411126350361182|08|2025|257
4411120082313330|07|2026|647
4411122775277327|10|2029|157
4411121763752812|07|2027|645
4411126828042554|08|2031|241
4411121514607711|11|2028|540
4411125327152641|08|2031|489
4411127781676321|05|2024|663
4411122701477066|11|2032|413
4411126776432443|10|2030|641
4411124061566843|05|2030|904
4411125060304367|09|2033|924
4411128126206865|11|2033|893
4411124121847167|05|2026|544
4411125407012475|03|2029|221
4411127715836876|10|2026|595
4411120818782063|08|2027|936
4411121303463722|09|2031|904
4411127871344368|04|2031|123
4411126435243876|03|2024|269
4411128827858451|03|2031|844
4411126257606101|08|2033|365
4411125384762613|09|2024|961
4411126873638041|09|2025|593
4411121434782743|06|2024|736
4411121823018774|05|2031|911
4411122113181587|05|2030|241
4411128584763647|09|2025|579
4411121533374582|11|2033|356
4411127841241462|04|2030|759
4411125078136363|06|2029|137
4411128685658464|08|2032|365
4411128565083767|05|2031|679
4411126505672350|05|2025|345
4411128422087100|04|2033|219
4411128130170024|09|2024|828
4411121116826305|08|2024|149
4411122737388584|05|2028|966
4411127667537803|03|2033|806
4411128351314376|09|2029|188
4411127383854011|11|2024|992
4411124267352865|03|2024|345
4411126443388606|08|2032|101
4411120312752273|08|2024|428
4411125406824771|05|2032|266
4411123016555760|07|2024|855
4411123678602314|06|2028|490
4411124315184047|11|2028|665
4411120433500502|11|2026|409
4411127237705658|09|2030|596
4411126636577528|02|2029|479
4411123474535304|01|2024|649
4411127048038026|03|2030|226
4411126762773123|09|2031|300
4411121521424670|01|2028|518
4411122878308706|02|2029|758
4411121605806701|02|2031|800
4411128746512155|07|2027|695
4411123548620157|03|2029|936
4411121087246772|06|2033|578
4411123820078744|05|2030|285
4411120181484024|02|2032|323
4411124148651303|11|2027|796
4411121405165571|10|2025|690
4411121658646830|07|2029|339
4411126223377001|01|2024|286
4411128801674155|06|2029|525
4411125682235668|05|2024|485
4411125813643046|08|2033|643
4411121473132016|06|2028|709
4411127811706106|04|2031|246
4411126362287623|05|2025|328
4411125405306788|02|2030|322
4411120375760403|08|2028|957
4411121646480136|02|2025|578
4411128326602814|11|2032|210
4411122044247028|10|2024|302
4411123531404320|08|2025|300
4411128512205687|07|2026|460
4411125157331505|10|2033|143
4411121214141631|03|2024|273
4411125582582573|01|2031|907
4411123648346786|01|2030|961
4411126285246151|02|2028|370
4411128303637148|01|2025|266
4411127003410244|03|2027|951
4411124280065676|04|2024|422
4411128771430158|04|2031|179
4411126213310640|04|2030|349
4411126725505711|01|2025|498
4411128748278086|06|2029|295
4411127318837875|05|2028|402
4411123514378558|04|2031|967
4411128172624607|09|2025|666
4411125424316438|09|2024|491
4411121240187830|04|2031|770
4411125747273027|07|2025|774
4411127184302111|08|2025|489
4411126151743042|11|2026|903
4411124754881160|05|2031|789
4411126647102860|11|2033|932
4411128431550841|08|2033|219
4411121134606432|03|2033|622
4411121022145212|09|2031|492
4411125566187845|05|2024|162
4411123887022767|03|2028|560
4411122658817421|08|2029|879
4411125852744341|07|2025|821
4411128425638453|11|2028|773
4411127313720050|11|2032|660
4411123825567410|01|2027|799
4411127753014352|03|2024|160
4411123501030253|05|2025|321
4411124612542160|10|2024|598
4411122123644236|03|2032|696
4411125481330686|08|2028|422
4411120005563722|03|2024|571
4411127316767256|04|2028|493
4411123885710322|03|2033|245
4411125757083266|11|2027|720
4411123308732531|05|2026|571
4411121868061200|07|2028|431
4411128323852222|04|2028|254
4411121361754111|10|2031|830
4411122331746245|10|2024|138
4411128163353661|02|2028|965
4411120354887482|10|2031|380
4411125522710656|02|2030|287
4411127078870454|04|2028|143
4411126750174037|01|2028|251
4411124605176588|01|2027|667
4411126328333073|06|2025|144
4411120862871226|08|2030|206
4411125655688745|10|2033|430
4411123348573051|07|2030|274
4411123627570182|03|2027|132
4411120374678317|03|2027|439
4411121521360742|11|2032|586
4411127586731743|08|2027|359
4411124741634318|06|2031|183
4411121857058233|04|2031|521
4411127774131052|09|2024|857
4411122827281434|10|2025|462
4411126256734854|08|2031|437
4411122564262431|01|2027|294
4411121575177273|10|2024|637
4411122600586074|02|2026|328
4411126164874313|01|2026|914
4411120217642488|04|2032|260
4411124504446538|10|2024|890
4411121828435825|10|2024|901
4411122352321712|03|2031|145
4411125887567675|02|2028|479
4411128423478100|08|2032|741
4411123300848855|01|2030|376
4411123127858145|11|2028|622
4411121825545253|03|2028|704
4411127827346137|07|2026|509
4411120007384010|10|2029|201
4411126151171863|10|2029|380
4411124406426125|05|2024|108
4411126467776751|01|2032|883
4411126384311138|04|2024|478
4411122076856845|04|2030|379
4411121723233135|04|2033|622
4411127080327527|03|2031|266
4411124750842158|10|2033|402
4411124553211445|05|2024|606
4411127025763380|04|2032|259
4411120603055352|07|2027|381
4411120065261837|10|2027|351
4411123030070358|09|2027|852
4411126753416781|07|2026|131
4411127614656177|03|2029|932
4411128752577225|09|2024|141
4411123482773871|03|2029|301
4411127276514813|10|2024|221
4411125403044175|06|2028|180
4411127026351813|05|2033|565
4411124262224432|10|2030|864
4411127754000038|02|2029|740
4411123524020620|06|2024|745
4411127356275863|03|2031|667
4411127400257172|06|2026|831
4411128431263452|01|2029|944
4411120883800246|09|2031|502
4411120362208838|08|2027|878
4411123158564463|01|2027|538
4411125473551208|10|2032|245
4411128053740134|09|2025|478
4411125786730754|03|2026|476
4411121161584205|10|2033|891
4411124728704886|06|2031|384
4411127602887404|02|2027|570
4411124470453245|10|2024|230
4411124215668016|05|2028|576
4411123415441562|03|2024|346
4411124588208341|08|2031|551
4411126817170440|05|2028|887
4411122057143650|06|2029|434
4411120231378671|09|2026|841
4411120617255063|02|2024|151
4411125204645808|06|2030|938
4411124521765712|01|2031|241
4411125430107722|06|2033|570
4411122700101360|04|2033|103
4411124061356823|05|2032|136
4411127237331547|01|2033|471
4411123805111411|11|2025|927
4411126502885401|03|2032|121
4411122165570240|09|2031|729
4411124456048860|10|2029|567
4411123718811370|11|2025|623
4411124185836411|02|2029|868
4411125718458623|10|2027|317
4411128656367764|09|2024|291
4411124375005280|08|2032|450
4411124082616106|11|2033|393
4411123871017153|11|2028|470
4411120860868232|04|2027|247
4411125716836820|07|2024|259
4411123544720688|06|2027|469
4411121343826151|05|2024|923
4411121704765832|06|2030|699
4411124745024086|01|2033|277
4411125512345000|02|2033|167
4411128312662830|09|2030|380
4411121341627320|07|2027|956
4411120261413521|07|2027|793
4411123406043542|04|2027|412
4411125117817205|05|2026|308
4411124106616348|11|2028|525
4411124337316320|05|2031|785
4411123464755714|06|2031|634
4411124660741045|09|2033|850
4411125542625140|01|2025|474
4411127731761843|05|2025|727
4411121110125316|10|2027|840
4411125542125604|07|2024|782
4411125022043368|10|2027|874
4411124505048788|07|2030|823
4411126088278658|08|2030|863
4411126461813642|11|2032|289
4411126126454204|04|2033|551
4411128342206566|01|2030|270
4411120802324823|10|2033|911
4411122187542771|05|2027|286
4411125730065703|01|2029|798
4411124353116125|11|2031|434
4411125823222716|01|2030|155
4411126651267583|10|2025|637
4411127445458116|09|2027|924
4411125155878283|11|2029|919
4411126338401563|05|2024|709
4411128414532733|08|2031|232
4411126361048364|02|2031|218
4411121664721262|07|2028|165
4411123584065788|01|2024|634
4411127568226514|06|2028|776
4411124800131768|06|2030|319
4411125522413350|03|2033|639
4411124072472254|01|2029|143
4411123557637571|08|2024|316
4411124151284885|08|2028|376
4411121717238413|08|2030|895
4411123546461182|06|2030|403
4411124575736643|06|2025|906
4411128762602427|05|2031|448
4411126143382214|05|2026|740
4411123564221740|03|2033|511
4411128250807421|09|2030|226
4411122206211606|09|2029|897
4411123870486557|08|2024|732
4411125140175068|07|2024|539
4411122213325563|05|2029|242
4411123300748204|01|2028|398
4411123347764636|02|2031|913
4411127483145021|11|2028|412
4411127437665702|11|2026|422
4411125356350785|01|2033|699
4411126332625027|01|2025|492
4411127252152240|06|2024|949
4411120632515145|10|2033|250
4411122451160888|04|2032|763
4411120778788225|11|2031|330
4411124536007837|03|2027|849
4411120236606464|04|2025|943
4411120144738540|06|2032|782
4411120326511251|10|2031|696
4411123403457562|08|2028|541
4411121320021206|05|2026|310
4411120264116311|01|2031|853
4411126684444183|10|2024|137
4411125004367744|05|2029|732
4411120443801213|01|2024|271
4411124163305405|09|2031|502
4411123085647308|02|2028|475
4411124034500481|04|2031|853
4411128317501355|06|2024|534
4411126684158510|02|2026|644
4411125610821456|05|2031|885
4411121813260527|04|2029|697
4411120740643144|08|2031|442
4411120427674800|05|2024|508
4411126012534101|04|2026|359
4411123753524615|08|2030|268
4411122617787632|03|2029|744
4411122148502427|07|2027|790
4411126512804707|01|2028|809
4411120840013727|03|2025|468
4411128647557465|01|2024|898
4411127521017141|02|2033|526
4411122048715343|07|2024|159
4411126816672321|01|2027|455
4411127504753126|02|2033|196
4411128762866832|09|2031|795
4411122050263067|07|2024|896
4411121756074612|10|2024|826
4411124526340446|09|2026|663
4411123608856287|01|2030|452
4411125012004883|05|2030|595
4411128680525585|11|2030|953
4411126015712076|05|2032|371
4411126723426571|03|2033|928
4411128857034734|06|2027|675
4411128321373338|05|2032|140
4411126486352584|04|2025|740
4411124063186335|02|2029|428
4411123261326305|04|2026|511
4411123810851225|05|2027|604
4411121838766516|02|2033|535
4411128284213307|02|2030|267
4411122466857445|07|2030|443
4411128218782146|10|2031|974
4411122371187227|05|2031|951
4411127824174334|06|2030|901
4411127150476410|01|2029|262
4411122165745172|05|2029|731
4411122874357301|06|2033|424
4411122421170686|10|2032|364
4411124787746257|02|2030|592
4411124853107640|07|2033|157
4411121772252838|04|2032|172
4411123402712280|08|2029|880
4411123237734541|06|2026|220
4411121436725682|05|2024|756
4411120540044428|10|2029|650
4411127813742661|10|2027|461
4411128580504805|01|2032|451
4411123374460587|05|2024|841
4411123258822100|03|2029|981
4411121277503735|06|2026|545
4411122500570202|03|2027|654
4411124773037851|11|2024|373
4411120618808332|04|2027|694
4411127822066250|07|2027|278
4411120360688353|10|2028|624
4411126674030364|05|2030|310
4411127870454150|03|2029|449
4411122015210153|02|2032|951
4411120815805743|02|2031|904
4411126121024705|01|2031|630
4411121645517151|06|2031|472
4411128118643851|08|2029|283
4411123264587846|08|2025|571
4411122784181635|10|2031|658
4411123064821551|07|2026|446
4411121458463477|02|2030|676
4411120076365478|01|2032|610
4411124482155416|05|2030|779
4411120068480228|05|2031|366
4411128215375043|08|2027|353
4411124873530862|03|2029|221
4411120340186627|06|2031|276
4411123562062765|11|2026|433
4411121171516213|04|2028|218
4411120172785561|03|2032|944
4411126276353636|09|2032|505
4411121755387221|09|2031|938
4411122176533211|08|2028|981
4411123121166651|05|2026|836
4411127064153360|11|2030|765
4411125317567311|05|2032|725
4411127470302114|06|2033|719
4411120475305570|07|2026|647
4411124814515220|01|2025|691
4411121220868557|11|2026|731
4411125540337557|06|2027|748
4411121221318628|04|2026|135
4411128715503615|07|2032|356
4411121267388261|06|2026|520
4411120803524157|05|2026|289
4411120717340450|03|2032|453
4411123080202828|04|2026|817
4411122706588610|02|2028|339
4411128723187146|07|2029|882
4411122538300002|08|2031|587
4411123011001786|06|2031|160
4411120754370402|05|2031|100
4411121376862750|03|2029|927
4411125163410400|09|2024|807
4411121752603810|05|2030|743
4411120104031530|04|2031|907
4411121850206250|08|2029|390
4411121007373334|10|2024|694
4411127122863380|07|2033|851
4411123187662163|06|2025|208
4411128556877854|08|2027|942
4411126860158532|01|2032|392
4411122735680438|04|2030|638
4411122301051022|02|2029|825
4411124126425803|03|2032|256
4411126414383172|06|2032|711
4411128315302178|11|2025|366
4411125084701218|06|2024|233
4411128348301668|08|2028|596
4411120237156063|03|2029|689
4411128236577023|02|2028|800
4411123353625630|06|2031|100
4411123324847784|09|2030|956
4411123303202472|07|2026|436
4411122010365218|09|2030|602
4411121538284125|08|2030|471
4411121743152752|09|2026|213
4411126277326250|07|2032|690
4411122765753683|02|2025|542
4411123040013315|02|2029|933
4411128412815320|11|2025|690
4411126840226763|04|2027|395
4411121048768161|05|2028|585
4411125675285100|07|2028|522
4411126360703126|07|2031|819
4411121187513568|02|2032|549
4411121135250834|07|2027|176
4411123710354361|10|2031|539
4411121208227057|09|2030|488
4411122150551676|02|2026|391
4411124758106648|04|2033|875
4411127510301365|02|2031|676
4411122463438348|02|2027|326
4411121133807577|10|2028|371
4411123345043702|04|2025|851
4411125201818614|01|2027|355
4411122010247853|02|2030|577
4411124382741018|08|2032|696
4411122413080760|11|2025|585
4411124872871663|01|2025|405
4411128801530431|07|2028|750
4411125658273446|08|2027|242
4411127775143577|04|2031|127
4411128281066666|04|2025|264
4411127331412540|11|2028|576
4411125474241445|10|2025|802
4411120081127558|06|2024|208
4411120047653044|05|2032|489
4411127253044420|02|2025|201
4411127311311787|06|2033|583
4411120143258862|08|2025|589
4411121673662267|08|2030|164
4411124086557678|10|2030|833
4411128017388376|03|2026|915
4411120758324074|01|2028|901
4411123710185476|02|2026|394
4411122046647811|01|2028|358
4411121518784201|02|2029|289
4411124367205161|05|2032|867
4411122411381780|07|2033|848
4411123722668840|01|2033|212
4411122554115110|05|2031|154
4411121882837502|05|2025|671
4411123433210502|01|2027|626
4411122100361713|06|2024|345
4411120231031627|04|2024|871
4411128717553618|09|2024|417
4411125521853028|08|2033|861
4411122432422266|08|2026|919
4411123461451788|07|2032|468
4411128126448574|08|2031|861
4411127325564363|01|2033|667
4411121423651545|10|2027|578
4411124745147465|10|2030|303
4411120174238742|09|2033|103
4411122718701821|07|2033|699
4411127251205015|04|2029|412
4411123675348473|01|2032|553
4411122553271666|04|2030|293
4411127775800283|11|2030|938
4411123531741788|09|2027|753
4411122746208567|08|2029|600
4411126661318335|06|2031|713
4411128281515001|11|2032|976
4411123783286672|04|2029|381
4411122752551348|09|2031|271
4411125235186053|03|2031|545
4411121332852358|10|2024|149
4411125454387606|01|2027|649
4411128405271325|04|2029|250
4411124644871157|03|2028|806
4411125578416711|06|2028|596
4411122458264527|09|2027|331
4411124058867048|09|2031|586
4411124764725613|11|2026|608
4411127275725428|02|2033|345
4411122340482238|09|2024|850
4411123100750004|09|2028|123
4411127354654028|10|2029|960
4411122166315116|04|2031|738
4411128737102826|07|2027|581
4411125226607307|01|2027|717
4411126377458581|08|2030|925
4411123511635018|04|2032|912
4411123648147556|10|2024|438
4411123316601587|01|2032|249
4411120244885258|02|2024|789
4411122613154654|04|2033|356
4411121627612863|04|2027|909
4411127224485330|01|2028|125
4411127713464887|06|2028|574
4411128767844263|08|2027|148
4411125706020583|08|2026|817
4411120731358355|11|2025|881
4411123853000383|05|2031|140
4411125123680233|11|2031|104
4411122678181311|02|2029|372
4411127806424350|02|2026|296
4411126413040260|01|2033|668
4411126152332456|06|2031|591
4411123716388181|03|2027|119
4411120353852552|04|2029|775
4411128751714423|09|2025|509
4411126528748211|11|2030|239
4411123402156421|07|2033|316
4411127006678201|06|2025|735
4411125040546160|08|2030|998
4411120320386544|03|2033|479
4411125543523161|09|2028|677
4411124130614574|05|2028|195
4411127545043727|08|2031|741
4411123600138122|07|2026|581
4411128313140554|03|2031|122
4411128563777501|11|2027|551
4411123772610304|11|2031|583
4411123650147734|11|2032|352
4411128127861080|03|2025|833
4411121184182615|05|2032|155
4411120324455246|08|2028|650
4411127848113581|04|2028|618
4411123185206740|07|2026|102
4411121530172013|11|2029|986
4411124334854000|11|2029|275
4411126574642243|02|2032|797
4411123672244766|07|2027|363
4411127838288062|02|2027|724
4411125726848757|08|2028|562
4411125158634568|03|2025|856
4411121666600860|02|2025|222
4411124366116203|06|2031|215
4411125207655770|05|2027|482
4411127685412625|02|2026|916
4411120842674278|04|2024|431
4411127020845141|03|2032|520
4411123108051777|03|2030|986
4411122615774467|07|2026|673
4411120648340538|01|2030|537
4411125117501551|09|2028|604
4411121018822576|11|2029|101
4411128626105815|09|2028|639
4411125458003357|06|2027|380
4411120741685847|08|2029|415
4411121126683704|10|2027|179
4411125604643460|06|2025|831
4411121770644887|07|2027|226
4411123213454510|02|2027|890
4411121041057281|01|2032|855
4411122831016750|05|2026|318
4411123866670453|07|2027|137
4411127021082058|03|2033|343
4411124373453854|07|2026|667
4411124071765047|10|2029|771
4411121761770014|06|2031|535
4411120321375728|03|2028|745
4411127521014221|10|2032|133
4411128104017763|05|2028|362
4411127678055480|09|2029|500
4411120835674855|11|2026|529
4411126531560041|10|2029|380
4411120248577562|06|2031|141
4411128172121562|07|2031|209
4411120536840326|05|2025|743
4411125632860466|04|2024|117
4411120304752463|04|2032|383
4411123005265504|06|2029|195
4411123102206211|11|2024|705
4411128664102427|05|2026|374
4411121288013864|01|2030|873
4411120281023342|05|2025|632
4411123555385835|11|2031|563
4411120475156304|06|2029|516
4411127838767578|05|2031|508
4411128882661667|02|2025|431
4411125030182273|11|2028|423
4411124335083286|08|2033|433
4411125358717544|09|2033|708
4411124726530267|08|2027|774
4411127453208312|04|2026|949
4411125637222100|06|2033|216
4411122656135834|04|2028|316
4411126671888368|05|2033|418
4411121621624476|07|2024|145
4411128357041148|11|2030|949
4411123077575517|01|2028|194
4411120031305288|07|2029|592
4411121132813766|09|2032|477
4411122176244033|03|2026|470
4411122103442072|05|2028|755
4411128774038131|05|2032|459
4411121313801044|05|2024|146
4411122275745377|07|2032|496
4411124431275463|08|2027|595
4411121244685854|08|2025|833
4411120643125736|02|2033|348
4411122764734270|09|2031|474
4411120788000827|03|2025|177
4411123468172072|01|2028|132
4411124025157176|01|2033|629
4411123848336215|10|2025|558
4411126155878612|07|2030|285
4411120633248357|11|2033|777
4411124852571218|06|2030|973
4411120620650045|11|2026|721
4411128581528506|10|2026|987
4411125316163070|04|2032|508
4411127360636068|02|2026|400
4411127582502023|02|2025|788
4411124042374127|07|2031|657
4411124356201130|05|2025|216
4411121078431367|03|2026|323
